2.0 0.9326923076923077 0.5012019230769231 0.12980769230769232 0.27163461538461536 0.7293639183044434
2.0 0.5024038461538461 0.6225961538461539 0.8269230769230769 0.5048076923076923 0.6641004681587219
3.0 0.5048076923076923 0.6153846153846154 0.8269230769230769 0.5384615384615384 0.5674270391464233
999
999
333
333
0 0.192933 0.6419 0.0934172 0.0732302 0.747896
0 0.962694 0.489491 0.0741118 0.0413967 0.627798
100 0.5444711538461539 0.3004807692307692 0.11778846153846154 0.13942307692307693
100 0.5408653846153846 0.3016826923076923 0.125 0.14182692307692307
100 0.6141826923076923 0.27163461538461536 0.11298076923076923 0.12980769230769232
100 0.13341346153846154 0.34975961538461536 0.11298076923076923 0.12259615384615384
