7.0 0.10576923076923077 0.17427884615384615 0.21153846153846154 0.3485576923076923 0.8140369057655334
7.0 0.5949519230769231 0.29447115384615385 0.29086538461538464 0.10817307692307693 0.7543755769729614
2.0 0.36778846153846156 0.31490384615384615 0.1778846153846154 0.07211538461538461 0.7024442553520203
2.0 0.9314903846153846 0.296875 0.13221153846153846 0.09375 0.6205628514289856
7.0 0.3112980769230769 0.29447115384615385 0.18509615384615385 0.10336538461538461 0.5210715532302856
2.0 0.3112980769230769 0.29447115384615385 0.18509615384615385 0.10336538461538461 0.47301942110061646
2.0 0.8545673076923077 0.29927884615384615 0.11778846153846154 0.09375 0.34799304604530334
2.0 0.8978365384615384 0.296875 0.19951923076923078 0.09375 0.27337390184402466
2.0 0.6286057692307693 0.29447115384615385 0.22355769230769232 0.10817307692307693 0.26331546902656555
7.0 0.9170673076923077 0.22716346153846154 0.16105769230769232 0.07932692307692307 0.26249241828918457
