1
1
1
25
0 0.15819 0.963919 0.109649 0.0527452 0.466275
100 0.6622596153846154 0.44591346153846156 0.19951923076923078 0.31971153846153844
100 0.4951923076923077 0.5829326923076923 0.25 0.4543269230769231
1
1
1
25
0 0.15819 0.963919 0.109649 0.0527452 0.466275
100 0.6622596153846154 0.44591346153846156 0.19951923076923078 0.31971153846153844
100 0.4951923076923077 0.5829326923076923 0.25 0.4543269230769231
1
1
1
25
0 0.15819 0.963919 0.109649 0.0527452 0.466275
100 0.6622596153846154 0.44591346153846156 0.19951923076923078 0.31971153846153844
100 0.4951923076923077 0.5829326923076923 0.25 0.4543269230769231
1
1
1
25
0 0.15819 0.963919 0.109649 0.0527452 0.466275
100 0.6622596153846154 0.44591346153846156 0.19951923076923078 0.31971153846153844
100 0.4951923076923077 0.5829326923076923 0.25 0.4543269230769231
