100 0.8413194444444444 0.690625 0.15625 0.2833333333333333
100 0.40347222222222223 0.5223958333333333 0.1763888888888889 0.3072916666666667
100 0.8413194444444444 0.690625 0.15625 0.2833333333333333
100 0.40347222222222223 0.5223958333333333 0.1763888888888889 0.3072916666666667
100 0.8413194444444444 0.690625 0.15625 0.2833333333333333
100 0.40347222222222223 0.5223958333333333 0.1763888888888889 0.3072916666666667
100 0.8413194444444444 0.690625 0.15625 0.2833333333333333
100 0.40347222222222223 0.5223958333333333 0.1763888888888889 0.3072916666666667
100 0.8413194444444444 0.690625 0.15625 0.2833333333333333
100 0.40347222222222223 0.5223958333333333 0.1763888888888889 0.3072916666666667
100 0.8413194444444444 0.690625 0.15625 0.2833333333333333
100 0.40347222222222223 0.5223958333333333 0.1763888888888889 0.3072916666666667
100 0.8413194444444444 0.690625 0.15625 0.2833333333333333
100 0.40347222222222223 0.5223958333333333 0.1763888888888889 0.3072916666666667
100 0.8413194444444444 0.690625 0.15625 0.2833333333333333
100 0.40347222222222223 0.5223958333333333 0.1763888888888889 0.3072916666666667
100 0.8413194444444444 0.690625 0.15625 0.2833333333333333
100 0.40347222222222223 0.5223958333333333 0.1763888888888889 0.3072916666666667
100 0.8413194444444444 0.690625 0.15625 0.2833333333333333
100 0.40347222222222223 0.5223958333333333 0.1763888888888889 0.3072916666666667
100 0.8413194444444444 0.690625 0.15625 0.2833333333333333
100 0.40347222222222223 0.5223958333333333 0.1763888888888889 0.3072916666666667
100 0.8413194444444444 0.690625 0.15625 0.2833333333333333
100 0.40347222222222223 0.5223958333333333 0.1763888888888889 0.3072916666666667
100 0.8413194444444444 0.690625 0.15625 0.2833333333333333
100 0.40347222222222223 0.5223958333333333 0.1763888888888889 0.3072916666666667
100 0.8413194444444444 0.690625 0.15625 0.2833333333333333
100 0.40347222222222223 0.5223958333333333 0.1763888888888889 0.3072916666666667
100 0.8413194444444444 0.690625 0.15625 0.2833333333333333
100 0.40347222222222223 0.5223958333333333 0.1763888888888889 0.3072916666666667
100 0.8413194444444444 0.690625 0.15625 0.2833333333333333
100 0.40347222222222223 0.5223958333333333 0.1763888888888889 0.3072916666666667
100 0.8413194444444444 0.690625 0.15625 0.2833333333333333
100 0.40347222222222223 0.5223958333333333 0.1763888888888889 0.3072916666666667
100 0.8413194444444444 0.690625 0.15625 0.2833333333333333
100 0.40347222222222223 0.5223958333333333 0.1763888888888889 0.3072916666666667
100 0.8413194444444444 0.690625 0.15625 0.2833333333333333
100 0.40347222222222223 0.5223958333333333 0.1763888888888889 0.3072916666666667
100 0.8413194444444444 0.690625 0.15625 0.2833333333333333
100 0.40347222222222223 0.5223958333333333 0.1763888888888889 0.3072916666666667
100 0.8413194444444444 0.690625 0.15625 0.2833333333333333
100 0.40347222222222223 0.5223958333333333 0.1763888888888889 0.3072916666666667
100 0.8413194444444444 0.690625 0.15625 0.2833333333333333
100 0.40347222222222223 0.5223958333333333 0.1763888888888889 0.3072916666666667
100 0.8413194444444444 0.690625 0.15625 0.2833333333333333
100 0.40347222222222223 0.5223958333333333 0.1763888888888889 0.3072916666666667
100 0.8413194444444444 0.690625 0.15625 0.2833333333333333
100 0.40347222222222223 0.5223958333333333 0.1763888888888889 0.3072916666666667
100 0.8413194444444444 0.690625 0.15625 0.2833333333333333
100 0.40347222222222223 0.5223958333333333 0.1763888888888889 0.3072916666666667
100 0.8413194444444444 0.690625 0.15625 0.2833333333333333
100 0.40347222222222223 0.5223958333333333 0.1763888888888889 0.3072916666666667
100 0.8413194444444444 0.690625 0.15625 0.2833333333333333
100 0.40347222222222223 0.5223958333333333 0.1763888888888889 0.3072916666666667
100 0.8413194444444444 0.690625 0.15625 0.2833333333333333
100 0.40347222222222223 0.5223958333333333 0.1763888888888889 0.3072916666666667
100 0.8413194444444444 0.690625 0.15625 0.2833333333333333
100 0.40347222222222223 0.5223958333333333 0.1763888888888889 0.3072916666666667
100 0.8413194444444444 0.690625 0.15625 0.2833333333333333
100 0.40347222222222223 0.5223958333333333 0.1763888888888889 0.3072916666666667
100 0.8413194444444444 0.690625 0.15625 0.2833333333333333
100 0.40347222222222223 0.5223958333333333 0.1763888888888889 0.3072916666666667
