2.0 0.31494140625 0.6134699853587116 0.6298828125 0.7379209370424598 0.728501558303833
7.0 0.359375 0.6046852122986823 0.541015625 0.726207906295754 0.45661458373069763
2.0 0.0703125 0.39604685212298685 0.103515625 0.18301610541727673 0.29116716980934143
8
8
1
999
0 0.403891 0.748565 0.133987 0.0734155 0.746324
100 0.7724609375 0.4260614934114202 0.068359375 0.11420204978038068
100 0.82470703125 0.36383601756954614 0.0615234375 0.10980966325036604
100 0.8828125 0.4224011713030747 0.056640625 0.10980966325036604
100 0.8251953125 0.4143484626647145 0.060546875 0.11127379209370425
100 0.7734375 0.4363103953147877 0.0703125 0.13469985358711567
100 0.8291015625 0.3821376281112738 0.06640625 0.12884333821376281
100 0.828125 0.410688140556369 0.064453125 0.11859443631039532
