100 0.8100961538461539 0.21394230769230768 0.1346153846153846 0.1875
100 0.9290865384615384 0.3786057692307692 0.14182692307692307 0.2091346153846154
100 0.7367788461538461 0.3629807692307692 0.13221153846153846 0.19230769230769232
100 0.6598557692307693 0.2980769230769231 0.11778846153846154 0.14903846153846154
100 0.47115384615384615 0.484375 0.25 0.45913461538461536
100 0.9098557692307693 0.20432692307692307 0.12259615384615384 0.16346153846153846
100 0.9483173076923077 0.20192307692307693 0.10336538461538461 0.14903846153846154
100 0.8605769230769231 0.2668269230769231 0.11538461538461539 0.13942307692307693
100 0.046875 0.4050480769230769 0.09375 0.20432692307692307
100 0.11538461538461539 0.35216346153846156 0.1778846153846154 0.2620192307692308
100 0.7115384615384616 0.25721153846153844 0.11057692307692307 0.12980769230769232
