2.0 0.4125330687830688 0.48425099206349204 0.6359126984126984 0.35887896825396826 0.9195885062217712
2.0 0.1164021164021164 0.37041170634920634 0.2328042328042328 0.16790674603174602 0.8749823570251465
2.0 0.2787698412698413 0.29675099206349204 0.11044973544973545 0.034970238095238096 0.6961334943771362
2.0 0.8416005291005291 0.3680555555555556 0.3148148148148148 0.13392857142857142 0.6443716287612915
5.0 0.6001984126984127 0.3237847222222222 0.23941798941798942 0.11086309523809523 0.4662477970123291
2.0 0.3955026455026455 0.3111359126984127 0.16468253968253968 0.05381944444444445 0.27605682611465454
14
32
6
999
1
16
12
12
0 0.558864 0.49242 0.156108 0.059901 0.696829
