2.0 0.35714285714285715 0.4593253968253968 0.5337301587301587 0.24702380952380953 0.9354445338249207
2.0 0.7650462962962963 0.4703621031746032 0.4262566137566138 0.2785218253968254 0.925323486328125
2.0 0.15343915343915343 0.41629464285714285 0.30687830687830686 0.16393849206349206 0.8070441484451294
2.0 0.09209656084656084 0.4176587301587302 0.1841931216931217 0.16220238095238096 0.3102280795574188
15
27
1
777
555
10
14
15
17
9
333
4
999
28
0 0.189825 0.514563 0.110864 0.039307 0.684051
0 0.720158 0.529004 0.133012 0.0350628 0.654439
