2.0 0.5276124338624338 0.3635912698412698 0.611441798941799 0.38938492063492064 0.6651960015296936
7.0 0.5266203703703703 0.3621031746031746 0.6081349206349206 0.38740079365079366 0.6119531393051147
2.0 0.8526785714285714 0.22036210317460317 0.04861111111111111 0.03249007936507937 0.5700586438179016
2.0 0.8025793650793651 0.23958333333333334 0.10383597883597884 0.08878968253968254 0.5185875296592712
2.0 0.9103835978835979 0.2191220238095238 0.06613756613756613 0.03149801587301587 0.5026905536651611
2.0 0.9254298941798942 0.21899801587301587 0.09424603174603174 0.031746031746031744 0.45939913392066956
2.0 0.9565145502645502 0.22172619047619047 0.04133597883597884 0.03125 0.35255640745162964
2.0 0.7933201058201058 0.21937003968253968 0.082010582010582 0.050347222222222224 0.3265231251716614
4
8
0 0.497603 0.336955 0.201866 0.0550188 0.740231
