2.0 0.6994047619047619 0.6336805555555556 0.5714285714285714 0.35962301587301587 0.8926831483840942
2.0 0.9196428571428571 0.4720982142857143 0.1593915343915344 0.11780753968253968 0.8694721460342407
2.0 0.5864748677248677 0.4164186507936508 0.08035714285714286 0.0441468253968254 0.41666722297668457
2.0 0.4280753968253968 0.4244791666666667 0.06646825396825397 0.05927579365079365 0.37294942140579224
6
11
999
8
28
17
0 0.76693 0.765648 0.20168 0.0631968 0.766703
100 0.3533399470899471 0.38851686507936506 0.05588624338624339 0.05133928571428571
100 0.29298941798941797 0.380828373015873 0.051587301587301584 0.045882936507936505
