2.0 0.7159391534391535 0.45349702380952384 0.5634920634920635 0.2874503968253968 0.9295220375061035
2.0 0.9401455026455027 0.34064980158730157 0.11838624338624339 0.08506944444444445 0.735241711139679
2.0 0.8244047619047619 0.3334573412698413 0.1283068783068783 0.05580357142857143 0.7266332507133484
2.0 0.33564814814814814 0.33903769841269843 0.04563492063492063 0.0679563492063492 0.5942873954772949
2.0 0.39880952380952384 0.34226190476190477 0.10515873015873016 0.08779761904761904 0.5004417896270752
2.0 0.4575066137566138 0.37996031746031744 0.1636904761904762 0.1433531746031746 0.4547402560710907
16
12
28
555
4
13
999
12
0 0.872885 0.528594 0.0850683 0.0391675 0.701024
