2.0 0.47337962962962965 0.7171378968253969 0.605489417989418 0.2552083333333333 0.9446471929550171
7.0 0.8298611111111112 0.6467013888888888 0.33895502645502645 0.2140376984126984 0.7290686368942261
2.0 0.8291997354497355 0.6471974206349206 0.34093915343915343 0.2105654761904762 0.5366856455802917
7.0 0.9365079365079365 0.5198412698412699 0.125 0.18501984126984128 0.3369402289390564
10
22
555
34
15
0 0.284368 0.787225 0.121043 0.0428551 0.41059
100 0.13872354497354497 0.5804811507936508 0.040674603174603176 0.04241071428571429
