2.0 0.45634920634920634 0.3187003968253968 0.31547619047619047 0.21329365079365079 0.9101791381835938
2.0 0.07490079365079365 0.3062996031746032 0.1498015873015873 0.17410714285714285 0.8785161375999451
2.0 0.18237433862433863 0.2632688492063492 0.14054232804232805 0.08705357142857142 0.7460758686065674
3.0 0.8794642857142857 0.32341269841269843 0.2390873015873016 0.23363095238095238 0.6374244093894958
3.0 0.7954695767195767 0.3209325396825397 0.1875 0.17212301587301587 0.5373126864433289
3.0 0.7673611111111112 0.32353670634920634 0.13194444444444445 0.16741071428571427 0.26267921924591064
14
11
4
999
999
31
12
16
8
15
9
30
0 0.461532 0.372346 0.133267 0.0426934 0.662381
0 0.771129 0.373933 0.0348327 0.0240679 0.363813
