2.0 0.6517857142857143 0.5953621031746031 0.5568783068783069 0.3474702380952381 0.8820018768310547
2.0 0.9001322751322751 0.4361359126984127 0.1984126984126984 0.11334325396825397 0.8606845736503601
2.0 0.39302248677248675 0.38169642857142855 0.06712962962962964 0.03571428571428571 0.3871362805366516
6
333
999
8
28
17
0 0.717864 0.719626 0.183785 0.0562882 0.786998
100 0.32705026455026454 0.3570188492063492 0.046957671957671955 0.043402777777777776
100 0.33349867724867727 0.3567708333333333 0.03869047619047619 0.03993055555555555
