2.0 0.4646164021164021 0.4496527777777778 0.826058201058201 0.4836309523809524 0.914383053779602
2.0 0.7258597883597884 0.2000248015873016 0.25595238095238093 0.10491071428571429 0.8684526085853577
2.0 0.2881944444444444 0.14694940476190477 0.11871693121693122 0.048859126984126984 0.7789335250854492
2.0 0.5563822751322751 0.15823412698412698 0.10681216931216932 0.04811507936507937 0.632885217666626
2.0 0.46577380952380953 0.13802083333333334 0.06911375661375661 0.019097222222222224 0.5225391387939453
2.0 0.4662698412698413 0.1419890873015873 0.07142857142857142 0.02554563492063492 0.43599680066108704
777
23
8
4
33
15
14
32
29
6
0 0.691715 0.586296 0.199123 0.114513 0.712687
0 0.823238 0.218621 0.0382567 0.0205826 0.259153
