2.0 0.9351851851851852 0.33035714285714285 0.12764550264550265 0.12698412698412698 0.8222630023956299
2.0 0.7265211640211641 0.26339285714285715 0.31547619047619047 0.09821428571428571 0.7664740681648254
2.0 0.35168650793650796 0.2378472222222222 0.14186507936507936 0.04811507936507937 0.4953109622001648
2.0 0.5376984126984127 0.546875 0.8571428571428571 0.5694444444444444 0.43401721119880676
2.0 0.09490740740740741 0.2130456349206349 0.052248677248677246 0.03273809523809524 0.29772651195526123
15
29
555
555
777
15
27
0 0.697975 0.722913 0.291826 0.124698 0.648396
