2.0 0.9185 0.39 0.161 0.42333333333333334 0.8349974155426025
5.0 0.489 0.5416666666666666 0.816 0.69 0.8284682631492615
2.0 0.084 0.36083333333333334 0.168 0.3983333333333333 0.7634470462799072
22
12
21
27
23
15
1
0 0.503451 0.44403 0.171916 0.151565 0.788733
100 0.5195 0.17 0.055 0.10333333333333333
100 0.4605 0.1625 0.055 0.10166666666666667
100 0.39 0.16 0.058 0.10333333333333333
100 0.355 0.18166666666666667 0.052 0.1
100 0.766015625 0.6291666666666667 0.17734375 0.37222222222222223
100 0.344921875 0.6881944444444444 0.17578125 0.39861111111111114
