2.0 0.5913461538461539 0.6370192307692307 0.3701923076923077 0.27403846153846156 0.7811925411224365
100 0.8786057692307693 0.3918269230769231 0.10817307692307693 0.1201923076923077
100 0.8197115384615384 0.4182692307692308 0.10576923076923077 0.11538461538461539
100 0.7944711538461539 0.4206730769230769 0.10336538461538461 0.11538461538461539
100 0.9519230769230769 0.4026442307692308 0.09615384615384616 0.11778846153846154
100 0.7572115384615384 0.4375 0.10576923076923077 0.11538461538461539
100 0.8533653846153846 0.4375 0.10576923076923077 0.1201923076923077
100 0.9278846153846154 0.4026442307692308 0.10576923076923077 0.11298076923076923
100 0.8389423076923077 0.40625 0.10576923076923077 0.11538461538461539
100 0.6322115384615384 0.43990384615384615 0.10576923076923077 0.11538461538461539
100 0.5805288461538461 0.44471153846153844 0.10336538461538461 0.11538461538461539
