2.0 0.4011437908496732 0.5884520884520884 0.6715686274509803 0.6117936117936118 0.9367733597755432
2.0 0.7214052287581699 0.4189189189189189 0.4918300653594771 0.31695331695331697 0.8200100064277649
2.0 0.4068627450980392 0.24447174447174447 0.13398692810457516 0.085995085995086 0.6472674608230591
2.0 0.9485294117647058 0.300982800982801 0.08660130718954248 0.10565110565110565 0.6110251545906067
2.0 0.7794117647058824 0.2371007371007371 0.0718954248366013 0.056511056511056514 0.5791990160942078
7.0 0.6503267973856209 0.2285012285012285 0.11437908496732026 0.08353808353808354 0.5483042001724243
2.0 0.5743464052287581 0.25184275184275184 0.07679738562091504 0.08108108108108109 0.5359241962432861
2.0 0.2777777777777778 0.22481572481572482 0.08496732026143791 0.06142506142506143 0.4788264334201813
2.0 0.21977124183006536 0.21744471744471744 0.07026143790849673 0.06142506142506143 0.4783816635608673
2.0 0.026143790849673203 0.25061425061425063 0.05228758169934641 0.07862407862407862 0.4749065041542053
2.0 0.32598039215686275 0.2371007371007371 0.07352941176470588 0.06633906633906633 0.47404617071151733
2.0 0.8031045751633987 0.2936117936117936 0.2107843137254902 0.085995085995086 0.42005160450935364
2.0 0.10130718954248366 0.19901719901719903 0.0457516339869281 0.044226044226044224 0.34323006868362427
2.0 0.10457516339869281 0.20270270270270271 0.03594771241830065 0.04176904176904177 0.33332356810569763
2.0 0.826797385620915 0.28746928746928746 0.11437908496732026 0.0687960687960688 0.3245713412761688
2.0 0.5580065359477124 0.2493857493857494 0.10947712418300654 0.08108108108108109 0.32417574524879456
2.0 0.13725490196078433 0.20393120393120392 0.0392156862745098 0.044226044226044224 0.31370866298675537
2.0 0.7589869281045751 0.23587223587223588 0.10620915032679738 0.05896805896805897 0.27182647585868835
2.0 0.1184640522875817 0.20024570024570024 0.05392156862745098 0.04668304668304668 0.26373934745788574
12
28
777
333
8
34
29
0 0.634684 0.682732 0.12011 0.120462 0.55429
0 0.935578 0.46072 0.0394961 0.0500216 0.280186
