2.0 0.48644179894179895 0.5998263888888888 0.08267195767195767 0.11383928571428571 0.6461878418922424
2.0 0.6731150793650794 0.6304563492063492 0.3792989417989418 0.2371031746031746 0.6184225678443909
2.0 0.3931878306878307 0.5610119047619048 0.05423280423280423 0.049107142857142856 0.5633611679077148
2.0 0.46511243386243384 0.5978422619047619 0.11673280423280423 0.11383928571428571 0.43012380599975586
7.0 0.673941798941799 0.6304563492063492 0.3776455026455027 0.23809523809523808 0.42959126830101013
2.0 0.4573412698412698 0.5780009920634921 0.11177248677248677 0.0835813492063492 0.34449219703674316
12
19
999
999
333
22
35
0 0.726795 0.66166 0.102794 0.027195 0.640488
