2.0 0.6587301587301587 0.5877976190476191 0.6812169312169312 0.4052579365079365 0.937720000743866
2.0 0.7151124338624338 0.36235119047619047 0.12268518518518519 0.04265873015873016 0.8380347490310669
2.0 0.5874669312169312 0.3648313492063492 0.14384920634920634 0.0441468253968254 0.8021814823150635
2.0 0.8343253968253969 0.3601190476190476 0.12037037037037036 0.04117063492063492 0.7631399631500244
2.0 0.9452711640211641 0.3541666666666667 0.10681216931216932 0.04662698412698413 0.5448862314224243
2.0 0.05324074074074074 0.37028769841269843 0.10648148148148148 0.049107142857142856 0.5319474935531616
2.0 0.17427248677248677 0.37351190476190477 0.05886243386243386 0.047619047619047616 0.42266547679901123
2.0 0.17410714285714285 0.3663194444444444 0.05853174603174603 0.033234126984126984 0.36795198917388916
13
32
8
0 0.972084 0.709972 0.055833 0.0907792 0.525223
