2.0 0.509375 0.6563888888888889 0.42777777777777776 0.6038888888888889 0.9068966507911682
2.0 0.8946180555555555 0.8380555555555556 0.1371527777777778 0.31166666666666665 0.8035343885421753
3.0 0.20972222222222223 0.5136111111111111 0.08402777777777778 0.115 0.7510685920715332
3.0 0.11163194444444445 0.5388888888888889 0.07118055555555555 0.09666666666666666 0.49720293283462524
2.0 0.8482638888888889 0.4691666666666667 0.12222222222222222 0.11166666666666666 0.4776636064052582
2.0 0.8482638888888889 0.4425 0.12291666666666666 0.1638888888888889 0.4686468541622162
3.0 0.04826388888888889 0.5475 0.050694444444444445 0.1438888888888889 0.42264777421951294
13
32
9
555
34
23
0 0.590616 0.831792 0.093784 0.0796155 0.724669
