2.0 0.16650132275132276 0.40947420634920634 0.3323412698412698 0.17708333333333334 0.9267343282699585
2.0 0.34656084656084657 0.36693948412698413 0.21031746031746032 0.13020833333333334 0.8498772382736206
2.0 0.5649801587301587 0.34697420634920634 0.06117724867724868 0.0441468253968254 0.5975590348243713
2.0 0.6220238095238095 0.34685019841269843 0.057539682539682536 0.033482142857142856 0.5485993027687073
3.0 0.513558201058201 0.3974454365079365 0.06812169312169312 0.07713293650793651 0.5182516574859619
3.0 0.6833664021164021 0.4115823412698413 0.0744047619047619 0.08407738095238096 0.5091860890388489
2.0 0.46147486772486773 0.3599950396825397 0.07837301587301587 0.07465277777777778 0.32082486152648926
2.0 0.45849867724867727 0.3679315476190476 0.06911375661375661 0.058779761904761904 0.3160046935081482
2.0 0.7256944444444444 0.3444940476190476 0.0419973544973545 0.030753968253968252 0.31042057275772095
15
32
1
4
21
17
0 0.048233 0.400671 0.0909868 0.030545 0.661884
100 0.5205026455026455 0.33544146825396826 0.02513227513227513 0.024553571428571428
