2.0 0.32242063492063494 0.5926339285714286 0.5667989417989417 0.4010416666666667 0.939754843711853
2.0 0.6018518518518519 0.4728422619047619 0.1111111111111111 0.15997023809523808 0.7342317700386047
2.0 0.6727843915343915 0.412078373015873 0.035383597883597885 0.031001984126984128 0.39294859766960144
2.0 0.6339285714285714 0.4255952380952381 0.04894179894179894 0.06299603174603174 0.3316429853439331
2.0 0.7028769841269841 0.41183035714285715 0.03273809523809524 0.024553571428571428 0.2924685776233673
13
32
777
8
1
35
14
0 0.269598 0.713087 0.168129 0.0535507 0.717339
