2.0 0.3602843915343915 0.43080357142857145 0.3098544973544973 0.18154761904761904 0.9027596712112427
2.0 0.046130952380952384 0.35342261904761907 0.03802910052910053 0.029265873015873016 0.49729612469673157
2.0 0.2088293650793651 0.3680555555555556 0.0539021164021164 0.032242063492063495 0.4325954020023346
2.0 0.1466600529100529 0.36532738095238093 0.055224867724867725 0.027777777777777776 0.4084315896034241
2.0 0.11375661375661375 0.3585069444444444 0.04365079365079365 0.03249007936507937 0.2614689767360687
14
28
1
222
8
17
11
0 0.42757 0.477563 0.0595714 0.0245389 0.63524
