2.0 0.4169973544973545 0.5627480158730159 0.6746031746031746 0.38591269841269843 0.9445703029632568
2.0 0.732473544973545 0.4103422619047619 0.32407407407407407 0.17782738095238096 0.8519235253334045
2.0 0.08449074074074074 0.4029017857142857 0.16832010582010581 0.09250992063492064 0.8253772854804993
2.0 0.9095568783068783 0.3431299603174603 0.1207010582010582 0.06671626984126984 0.6530815362930298
2.0 0.515707671957672 0.3404017857142857 0.20734126984126985 0.06919642857142858 0.5081593990325928
2.0 0.37119708994708994 0.37202380952380953 0.32506613756613756 0.07589285714285714 0.49842360615730286
2.0 0.6134259259259259 0.3159722222222222 0.07605820105820106 0.039186507936507936 0.4429711699485779
2.0 0.7577711640211641 0.31287202380952384 0.09093915343915344 0.026537698412698412 0.30772069096565247
2.0 0.3629298941798942 0.32837301587301587 0.07175925925925926 0.020337301587301588 0.270152747631073
2.0 0.3029100529100529 0.33804563492063494 0.07407407407407407 0.029265873015873016 0.2569742798805237
14
10
9
777
333
12
34
0 0.249676 0.61996 0.151893 0.0598419 0.723702
