2.0 0.16550925925925927 0.2425595238095238 0.1412037037037037 0.0763888888888889 0.8706860542297363
2.0 0.5909391534391535 0.38132440476190477 0.5271164021164021 0.3707837301587302 0.7902907133102417
2.0 0.05125661375661376 0.25037202380952384 0.10251322751322751 0.08407738095238096 0.7507525682449341
2.0 0.3253968253968254 0.21490575396825398 0.07142857142857142 0.031001984126984128 0.6413360238075256
2.0 0.271494708994709 0.21961805555555555 0.04894179894179894 0.04439484126984127 0.5671260952949524
2.0 0.24404761904761904 0.2269345238095238 0.09193121693121693 0.051587301587301584 0.5226117968559265
14
10
999
6
9
25
33
0 0.600789 0.503243 0.138064 0.0418419 0.725347
