3.0 0.056490384615384616 0.2620192307692308 0.06971153846153846 0.1201923076923077 0.5477676391601562
3.0 0.7548076923076923 0.265625 0.1201923076923077 0.2283653846153846 0.4358956515789032
3.0 0.4230769230769231 0.6165865384615384 0.3173076923076923 0.6225961538461539 0.4261658787727356
3.0 0.30649038461538464 0.4423076923076923 0.2283653846153846 0.41346153846153844 0.392834335565567
3.0 0.3425480769230769 0.5288461538461539 0.24759615384615385 0.44711538461538464 0.37571442127227783
3.0 0.2824519230769231 0.38461538461538464 0.19471153846153846 0.25961538461538464 0.35378628969192505
3.0 0.14783653846153846 0.22355769230769232 0.09375 0.14903846153846154 0.3296070694923401
3.0 0.22596153846153846 0.30288461538461536 0.09134615384615384 0.15865384615384615 0.2829592823982239
3.0 0.39903846153846156 0.5012019230769231 0.34615384615384615 0.5072115384615384 0.2767767012119293
3.0 0.19951923076923078 0.2608173076923077 0.10576923076923077 0.19471153846153846 0.25793975591659546
