2.0 0.6706730769230769 0.6370192307692307 0.10096153846153846 0.04807692307692308 0.8438475728034973
2.0 0.3401442307692308 0.640625 0.14182692307692307 0.055288461538461536 0.8364384174346924
2.0 0.7668269230769231 0.6322115384615384 0.052884615384615384 0.03365384615384615 0.7777459621429443
2.0 0.051682692307692304 0.6382211538461539 0.06009615384615385 0.03125 0.5663913488388062
7.0 0.875 0.6370192307692307 0.09615384615384616 0.052884615384615384 0.5138925909996033
2.0 0.016826923076923076 0.6382211538461539 0.03365384615384615 0.036057692307692304 0.5117183327674866
2.0 0.15745192307692307 0.6201923076923077 0.04567307692307692 0.03365384615384615 0.5074231624603271
2.0 0.875 0.6358173076923077 0.09615384615384616 0.055288461538461536 0.5054842829704285
2.0 0.8125 0.6334134615384616 0.04807692307692308 0.03125 0.43740659952163696
2.0 0.040865384615384616 0.6382211538461539 0.08173076923076923 0.036057692307692304 0.42499369382858276
